elapsed_time: 97.36059999465942
results:
  acc: 0.8181341719077568
  auc: 0.7972690488123907
  f1: 0.6987847222222221
  precision: 0.6544715447154471
  recall: 0.749534450651769
