elapsed_time: 97.20320010185242
results:
  acc: 0.8414570230607966
  auc: 0.8222773003435081
  f1: 0.7342995169082126
  precision: 0.6949293433083957
  recall: 0.7783985102420856
