elapsed_time: 123.52487993240356
results:
  acc: 0.8823375262054507
  auc: 0.8589365100709427
  f1: 0.7939421753097752
  precision: 0.7828054298642534
  recall: 0.8054003724394786
