elapsed_time: 120.40962052345276
results:
  acc: 0.8653039832285115
  auc: 0.8510486575471968
  f1: 0.7737676056338028
  precision: 0.7337228714524207
  recall: 0.8184357541899442
