elapsed_time: 153.3866262435913
results:
  acc: 0.8577044025157232
  auc: 0.8157412727324589
  f1: 0.7400670177118238
  precision: 0.761576354679803
  recall: 0.7197392923649907
