elapsed_time: 95.21928858757019
results:
  acc: 0.8611111111111112
  auc: 0.8447326707659459
  f1: 0.7659010600706713
  precision: 0.7285714285714285
  recall: 0.8072625698324022
