elapsed_time: 93.33591175079346
results:
  acc: 0.859538784067086
  auc: 0.8357089593291198
  f1: 0.7579042457091237
  precision: 0.7359649122807017
  recall: 0.7811918063314711
