elapsed_time: 93.19893074035645
results:
  acc: 0.8529874213836478
  auc: 0.8455934786417776
  f1: 0.7603588210166596
  precision: 0.7024467245461721
  recall: 0.8286778398510242
