elapsed_time: 132.3145158290863
results:
  acc: 0.8689727463312369
  auc: 0.8603983553985387
  f1: 0.7831743278404163
  precision: 0.7329545454545454
  recall: 0.840782122905028
