elapsed_time: 121.99744176864624
results:
  acc: 0.8372641509433962
  auc: 0.7967036661247142
  f1: 0.7088607594936709
  precision: 0.7138810198300283
  recall: 0.7039106145251397
