elapsed_time: 98.40001726150513
results:
  acc: 0.8624213836477987
  auc: 0.8481932202975442
  f1: 0.769433465085639
  precision: 0.7281795511221946
  recall: 0.8156424581005587
