elapsed_time: 114.3100357055664
results:
  acc: 0.8430293501048218
  auc: 0.8222385894567844
  f1: 0.7353071144498453
  precision: 0.6997476871320437
  recall: 0.7746741154562383
